-6
291
170
-71
91
-65
169
46
119
41
-100
54
55
140
-26
40
19
30
68
140
-41
61
24
12
42
-164
81
39
129
145
121
40
74
146
164
-173
113
62
101
69
104
158
81
62
76
-13
22
114
72
80
136
232
34
-4
74
52
1
49
130
128
-114
-3
238
65
185
-85
125
47
223
47
114
11
33
108
11
-112
89
17
112
20
-128
49
67
-23
68
-116
-1
133
52
43
35
-29
102
201
-18
53
113
75
50
-40
172
179
42
152
153
-59
184
92
109
89
-69
129
93
160
95
-194
168
96
-16
22
-82
154
-29
108
42
-32
68
22
26
57
-171
131
128
187
103
-120
323
-4
53
149
69
203
82
115
98
-178
187
-53
184
-3
202
240
59
165
41
-100
102
69
101
107
-131
55
75
99
145
82
207
56
101
78
34
170
30
36
-74
61
-2
117
72
52
-90
91
-6
153
101
53
39
52
118
78
-24
81
61
217
111
113
-21
64
41
34
129
151
163
51
68
-104
145
20
172
-79
-76
89
226
133
62
-51
-49
157
-23
-38
18
57
57
93
23
-74
102
-10
53
73
-11
151
68
19
17
-37
221
-19
146
-10
40
80
123
138
41
-14
-3
38
235
31
-18
93
-1
74
56
57
-10
63
93
69
-59
272
85
129
71
85
76
120
86
66
55
128
108
11
51
-78
167
116
71
142
91
176
102
172
79
-53
59
195
143
83
-33
43
306
48
130
61
181
78
5
137
18
-10
97
29
1
-43
140
-42
-59
104
-15
96
159
85
55
-26
267
68
135
30
-41
54
164
70
5
-20
11
124
231
137
31
62
-25
147
35
28
68
142
49
-77
-46
201
24
77
176
-43
113
84
-41
30
-38
102
62
52
85
112
197
-34
165
12
124
140
-2
54
33
-77
128
129
84
41
116
178
31
188
140
99
43
66
256
22
-137
109
14
67
3
10
143
117
147
-105
76
117
68
43
112
-135
74
-1
54
64
87
84
107
139
1
-120
-72
203
195
145
-143
-64
31
69
65
138
8
-5
147
24
-1
149
82
115
172
10
55
26
118
47
88
125
63
90
42
114
151
-2
-106
64
-125
78
200
107
140
-101
143
128
84
40
133
79
25
143
133
56
208
105
99
70
76
226
50
71
148
-43
139
172
156
154
59
73
88
109
79
126
38
63
-40
62
-213
5
127
-35
-9
64
220
84
283
72
90
17
145
121
210
-64
-104
121
44
44
-69
37
127
20
-64
42
187
58
184
160
5
47
117
51
50
-112
44
85
76
89
42
190
141
35
66
-101
142
35
275
157
90
80
17
141
151
-167
-30
140
-1
42
97
174
37
131
91
-81
105
-6
7
96
46
191
-27
63
130
49
61
70
79
-93
-27
177
16
0
155
65
86
38
295
-5
-68
150
135
66
46
40
-41
66
210
66
-110
111
58
177
5
29
71
21
-15
40
-91
256
68
-90
109
-147
60
156
40
28
10
117
59
32
56
-107
38
56
143
26
-47
263
84
178
172
48
238
84
1
118
158
22
-45
-17
131
-119
22
35
230
92
115
139
62
141
79
106
85
105
138
26
103
9
99
-15
162
-94
-11
33
36
78
-34
116
-17
143
-68
-7
105
-21
116
49
-3
127
-116
3
137
-9
122
111
40
45
-100
82
75
204
109
51
130
81
-16
-13
-67
147
11
-31
102
-5
201
63
37
-33
-11
32
28
23
79
105
10
73
92
34
-66
-19
39
103
149
121
97
-4
116
11
-1
22
37
148
24
-153
135
144
270
85
27
90
126
244
-24
-1
69
102
0
95
173
121
-32
340
164
-61
56
40
252
86
-70
154
83
11
-7
-33
5
38
14
17
-37
-5
237
161
116
149
102
40
119
-3
-21
34
44
44
14
-108
39
-27
-4
107
-165
177
77
171
140
61
137
167
46
112
-38
115
56
160
97
39
90
131
199
110
104
132
117
120
36
-17
96
-12
80
33
-1
100
-38
27
-26
80
129
14
24
39
-146
95
60
105
102
-140
-60
60
92
32
84
129
65
-4
11
-49
5
76
130
38
16
119
134
-4
68
-52
32
64
82
20
78
93
74
12
150
242
-2
56
8
56
74
73
92
102
10
-59
43
65
107
31
-116
78
131
177
-4
86
66
149
153
116
135
191
125
59
213
-80
76
29
274
27
-112
169
-4
82
111
-2
133
135
106
-53
-100
74
57
102
82
53
129
66
115
112
42
137
45
-89
159
-87
45
147
-27
69
-192
162
36
215
-18
6
-96
69
60
-3
-132
73
59
107
122
67
165
99
293
68
24
76
100
88
35
8
49
62
145
30
80
136
187
116
114
-39
110
-83
145
63
73
187
60
181
5
-3
107
66
168
95
113
44
31
69
89
104
106
90
240
25
47
95
117
93
112
-34
216
53
147
-94
-135
65
24
96
9
-163
183
195
281
48
24
93
76
101
142
-113
63
112
139
40
-78
8
145
64
-152
63
105
119
-5
48
103
62
25
-80
-106
0
280
82
-31
55
106
160
113
14
9
-217
19
18
152
107
121
49
36
-34
-30
-87
188
-30
148
96
-85
90
145
46
64
124
137
44
75
73
59
5
108
69
68
-53
99
18
32
3
-40
44
42
96
84
156
111
12
-7
26
-17
144
38
16
84
20
209
148
40
71
-147
-25
107
18
-9
102
12
63
47
25
28
115
-17
156
24
73
126
-28
7
7
91
267
-40
52
-2
-102
63
88
-24
3
81
86
97
-2
58
-105
112
-36
47
88
-118
-35
156
53
77
84
-25
86
53
65
73
199
72
108
13
-129
136
114
72
-11
-45
-28
-15
-67
52
-63
82
49
28
64
-61
254
105
79
68
95
57
20
84
26
5
49
124
111
80
-52
-1
69
69
-9
-45
85
50
86
12
-142
215
-31
-77
-6
-123
135
-17
51
50
117
145
93
17
103
-45
-5
50
54
39
112
174
86
82
114
-108
119
13
16
19
38
87
127
55
38
85
-17
139
38
19
-112
-29
113
25
35
28
34
58
-27
41
-93
285
-35
101
37
102
175
88
58
-14
-54
88
102
49
17
32
183
144
82
-10
-45
125
70
27
50
-97
83
78
53
78
59
23
1
131
5
50
158
232
35
-35
127
32
-23
75
92
7
51
93
39
66
-74
57
81
9
27
-96
220
29
1
95
-83
60
-24
-8
33
79
176
60
55
46
40
68
5
169
-3
83
125
63
78
103
-145
15
-20
41
82
47
17
63
17
35
46
45
47
-1
27
-59
160
103
-45
63
-155
-18
-34
113
123
88
53
43
81
65
-105
154
111
112
57
-13
89
117
100
33
52
80
141
122
-39
-20
152
31
80
74
-19
134
144
-8
97
-71
135
20
49
42
-67
59
133
106
21
-20
78
56
150
41
-123
-42
115
22
88
57
119
50
10
9
70
92
-48
23
90
-94
221
38
-44
-6
-37
-25
13
24
32
89
-3
105
65
57
-48
82
12
16
35
-56
1
28
122
44
-53
114
114
-29
83
-33
104
90
-7
23
21
74
105
29
68
-27
145
12
-17
25
-19
21
59
140
136
17
155
83
-28
47
66
122
23
18
57
58
249
10
-12
114
140
14
-2
-11
105
106
119
68
-35
5
-60
32
3
109
56
-38
43
95
94
44
-18
168
55
118
85
135
177
90
-4
49
136
135
150
32
-48
-101
102
46
4
33
-12
138
23
62
93
-2
179
83
152
52
113
123
219
86
12
63
39
85
-8
34
24
17
132
94
12
23
119
102
4
73
-90
129
94
111
22
88
4
112
-30
13
79
54
37
41
-44
136
199
103
42
1
35
35
82
128
5
10
92
12
15
26
56
-23
48
23
67
61
209
125
76
91
-27
136
102
1
85
32
51
24
63
51
-49
135
53
-50
33
32
231
124
110
12
-58
68
40
65
9
95
171
1
16
0
-68
69
72
24
84
11
187
68
71
-30
60
161
72
8
-14
131
170
79
75
89
-51
115
155
23
47
-40
156
122
71
122
-34
4
-39
-3
6
110
89
50
60
86
141
153
122
-67
6
15
106
62
35
-29
30
25
147
-33
21
-32
155
45
6
15
-107
38
71
11
64
9
43
112
90
22
-13
124
74
-56
47
47
158
105
127
-20
-8
106
88
4
31
143
139
108
25
78
-12
145
113
107
83
-18
103
47
62
11
75
-7
138
41
28
55
112
143
54
38
-36
110
21
138
-30
-63
98
42
84
45
33
70
-71
3
-12
2
104
20
3
72
14
7
40
38
3
88
92
78
92
-11
109
172
121
134
89
79
-4
73
123
42
2
189
121
95
2
-39
96
1
21
-2
-4
45
51
24
-13
-74
184
54
112
54
55
33
49
107
-81
4
47
207
14
64
-88
228
48
135
40
-38
261
96
-18
-61
102
84
-21
-14
105
131
49
71
-12
171
152
78
-52
87
58
-108
95
102
140
69
92
152
73
4
-15
-20
108
84
79
86
56
122
23
39
-22
-68
179
17
65
-34
50
95
90
92
60
67
92
8
14
25
-42
75
107
36
-6
-32
65
147
-87
-10
5
147
-9
37
104
44
7
79
12
-41
36
117
120
145
19
-59
79
148
44
40
51
78
135
122
-27
-21
8
25
-9
54
133
180
41
20
17
49
0
20
55
26
174
31
42
64
10
67
33
170
69
-6
85
46
-21
-2
30
110
68
26
-7
73
57
228
76
42
100
53
236
102
18
-29
48
86
58
102
58
-93
193
42
3
62
-59
120
86
19
-29
37
43
90
30
21
10
119
-25
69
33
-64
54
19
97
24
-100
45
74
39
63
-146
50
74
69
0
21
209
71
7
-2
-115
90
114
32
73
-49
146
151
-48
-17
-51
113
33
-33
63
-68
12
98
24
113
76
51
139
-36
-1
120
-41
77
-12
3
0
192
-29
27
11
-74
20
-17
88
5
36
-74
77
-27
-8
164
155
147
54
1
71
193
84
65
63
-83
51
142
126
-14
-62
70
62
19
-25
-67
75
27
34
-19
-89
138
71
-74
94
-17
98
90
62
74
65
191
102
74
55
65
146
109
-10
67
-4
100
131
-8
29
-48
-15
118
5
7
34
205
32
58
-32
52
189
5
61
4
-6
86
41
16
62
83
196
26
13
7
-16
35
27
-1
47
-18
84
-1
12
23
-32
43
98
33
-66
41
65
79
45
-16
-108
80
153
1
90
116
96
142
19
60
-58
158
110
58
11
116
222
85
6
52
-9
42
68
39
28
113
124
110
53
56
99
-53
111
65
79
-13
96
36
113
14
120
118
64
104
76
-127
135
169
82
-34
5
61
201
7
79
41
161
115
75
100
112
34
134
34
38
129
176
68
95
40
-98
28
18
-16
10
-32
49
46
27
99
112
85
124
17
52
-119
-17
39
-6
19
-12
90
17
74
36
-12
118
153
75
91
-77
86
94
94
26
-65
169
26
6
-65
-13
190
82
2
10
-157
23
8
46
57
48
156
-7
42
64
-161
40
129
120
81
31
151
40
-6
2
126
46
31
81
33
-72
112
0
82
62
74
159
106
-21
0
-70
73
77
28
14
5
141
83
-22
54
-73
148
22
37
-53
-130
75
34
1
-11
77
145
41
57
32
25
111
11
70
31
97
162
126
-49
43
-63
127
44
17
54
-69
190
27
69
30
88
222
126
73
108
-92
169
24
97
53
-151
121
6
49
14
-43
44
120
-18
-21
-41
162
168
149
41
99
112
55
83
62
57
118
10
75
-34
146
112
34
75
69
92
74
67
64
-6
138
101
145
86
12
43
164
1
59
44
42
95
-7
37
43
-62
153
38
-50
-18
-42
136
130
48
31
32
127
58
15
68
-162
86
118
23
42
92
83
59
130
9
54
-23
132
68
70
-119
82
43
144
95
116
129
30
102
14
-29
21
101
36
52
-95
18
63
120
25
4
156
92
42
18
142
73
10
64
45
63
73
119
84
12
51
98
58
109
6
-23
76
126
11
3
51
217
62
90
28
-9
-33
181
19
-66
17
97
-12
45
25
-46
146
-12
64
-11
144
-17
168
-1
97
90
196
89
61
40
-70
58
62
19
25
-71
24
100
84
1
73
75
150
57
-27
79
154
81
41
85
17
160
-7
7
42
-70
235
18
23
119
-50
148
77
-22
26
86
148
14
-23
1
-14
35
117
-13
46
56
156
-38
38
20
-109
82
44
86
86
-16
150
80
51
0
-137
206
191
39
20
79
71
118
111
41
-148
20
135
40
95
74
44
4
78
51
41
127
70
123
79
-71
-13
32
-22
70
-36
15
188
72
0
144
56
107
-18
-53
-46
182
91
41
-25
82
154
113
56
0
103
156
174
107
37
-185
44
77
43
28
43
11
128
88
23
57
47
18
108
-95
125
199
90
110
20
58
43
84
15
-16
-174
40
91
46
-32
47
179
108
-5
74
-47
132
49
169
49
8
217
-16
64
138
58
187
-21
48
90
27
64
93
15
21
44
168
54
58
72
78
37
125
58
14
-134
-3
53
105
117
4
197
7
4
35
4
23
12
59
41
-42
78
159
66
-20
161
185
6
49
41
-107
106
175
103
43
103
123
95
40
40
-3
75
90
72
47
-64
8
128
14
72
-84
189
69
106
36
-181
196
91
75
79
80
133
69
123
22
130
144
75
28
62
27
37
46
7
62
-42
236
113
70
61
-26
30
126
158
-11
18
202
55
59
69
6
61
3
13
64
-67
72
29
131
29
-132
93
80
7
36
-7
26
128
49
1
12
38
14
33
4
-26
154
10
84
-48
2
173
132
129
45
-18
-1
57
73
51
35
15
52
-33
89
115
79
104
76
52
-13
-16
137
80
-40
-70
186
101
46
33
119
58
9
-8
56
-44
147
-11
102
51
-44
82
-47
66
40
-72
231
123
2
39
-4
59
-15
0
33
-48
83
-38
31
58
-5
97
81
117
9
-157
116
43
34
75
93
79
13
34
0
48
114
-17
40
101
0
199
256
93
-40
81
187
111
99
144
-18
169
33
69
-1
86
35
128
-15
6
-9
-24
-14
64
91
-35
137
32
-18
82
-41
171
116
8
44
-80
307
-38
79
-34
-55
81
111
83
66
163
46
-7
36
29
-3
151
138
108
19
58
58
169
10
28
6
115
145
69
-10
-116
1
103
22
1
152
56
121
95
-27
13
118
50
53
52
-90
129
71
63
26
-136
221
1
41
112
50
-7
-10
115
143
5
81
62
-42
76
7
-28
39
155
14
94
185
28
37
107
-106
182
123
79
36
-49
48
139
40
-79
108
116
66
98
93
61
15
64
121
142
-117
62
77
30
88
-72
61
28
19
72
-49
51
132
-14
85
-52
38
115
20
-21
150
73
107
41
-78
113
79
47
28
11
-152
2
15
21
54
8
107
69
9
15
-97
196
29
40
25
29
203
166
-1
28
114
19
71
20
30
111
10
47
4
102
-119
77
-34
196
12
75
57
-19
-11
1
-48
59
98
82
101
133
165
42
48
101
-91
68
104
52
48
-118
118
18
16
24
42
115
87
75
107
-56
161
55
31
45
6
9
67
-4
20
7
-10
0
-22
78
16
-33
109
27
76
-10
160
94
34
9
-41
159
69
93
69
0
-39
16
51
23
-102
118
87
6
34
61
147
-15
52
7
50
33
53
6
-21
-63
-1
104
96
-43
-92
147
31
73
-12
-100
80
15
20
31
144
88
110
1
-1
-117
250
28
-15
-42
-106
46
167
37
9
-172
31
13
2
-49
139
119
33
84
85
-123
160
65
76
-29
-69
110
40
91
49
90
116
116
26
55
-1
-13
24
54
104
34
159
121
45
45
-107
37
66
3
51
-43
57
35
20
87
-83
156
86
149
41
-24
152
117
-13
25
48
125
13
-40
-72
77
-17
103
88
-39
152
185
44
34
39
-97
37
140
112
81
47
104
41
81
21
46
239
20
21
108
-10
41
178
56
64
-107
153
91
99
39
-57
83
101
128
30
95
-6
123
44
-4
-146
119
59
56
-33
-100
111
67
124
68
13
31
111
13
75
51
21
164
116
-48
60
162
62
96
112
110
-22
93
88
38
67
-8
64
70
-41
91
114
82
116
52
-162
193
52
112
46
60
-28
100
56
13
-35
67
-13
81
65
51
95
107
34
-48
-1
35
108
4
84
-60
12
132
-18
-2
25
131
167
122
16
-131
178
64
30
58
77
143
4
53
54
-83
50
37
51
22
-63
118
57
40
-47
85
4
80
30
74
92
18
90
-84
22
-135
175
161
92
-20
-6
15
39
33
16
-67
9
10
-2
21
-112
96
100
115
11
-89
175
35
-43
49
-144
24
-22
19
79
-82
171
123
30
46
-122
141
98
10
98
-35
119
15
-18
21
86
54
22
61
53
37
151
132
106
21
-147
77
167
90
6
-48
198
136
56
-35
63
54
9
-59
95
-31
182
141
21
4
30
170
91
-16
12
124
48
25
72
74
99
151
128
46
61
-73
50
11
10
36
59
107
105
11
-89
-62
151
7
95
6
-40
106
-29
16
76
-6
-3
129
36
103
57
115
116
45
63
71
192
44
-5
5
69
73
62
41
17
144
170
20
57
-56
129
-24
-40
-53
21
-23
144
102
66
85
-4
118
-13
60
44
-38
11
90
134
47
5
135
19
-8
63
124
112
-5
-23
85
-110
-20
33
16
66
-70
161
94
32
108
-26
127
109
26
79
-195
116
11
-42
80
3
186
48
114
-43
-24
93
32
-59
28
26
40
16
108
48
47
218
56
-63
13
7
88
-1
-5
93
-3
21
27
33
91
34
118
132
124
62
-213
73
-42
56
25
-160
167
42
57
32
49
12
106
6
46
-83
201
78
11
65
-51
181
141
147
-31
120
47
158
21
38
40
-17
60
53
46
54
1
89
79
-71
-95
151
2
95
-25
-100
112
72
14
55
6
109
70
34
-69
94
92
41
34
-28
25
106
117
24
112
-123
50
51
41
-12
-60
86
161
122
36
50
140
57
36
91
-51
17
59
53
23
-34
168
15
75
35
-36
88
53
14
5
-88
98
44
109
83
-119
216
97
60
-38
167
40
61
25
3
60
-19
119
62
30
-95
79
-14
72
48
-22
130
58
42
54
-66
137
12
56
-27
3
-6
105
55
42
-26
156
8
-1
47
17
120
136
15
-25
-92
147
102
82
83
-95
-3
118
26
37
63
25
124
23
96
169
45
36
12
-11
94
81
72
23
-26
-36
216
73
35
2
-13
125
15
175
-15
-81
77
-6
153
43
-6
66
121
44
63
-95
99
30
54
31
-73
164
-44
93
-28
-61
53
71
159
34
103
61
124
101
-1
-45
178
-3
91
-19
-38
108
-24
33
78
118
106
-89
42
11
-115
102
158
136
30
4
217
12
122
82
161
50
72
96
6
107
211
112
74
-17
93
55
58
77
-33
145
22
48
88
77
2
140
136
59
84
-142
138
30
96
-17
134
199
67
17
46
-182
47
102
44
-1
-3
139
11
140
5
53
148
3
22
-74
-128
62
93
133
132
-130
90
-57
98
34
45
-3
83
51
63
-62
178
-45
105
58
2
41
25
-11
-17
107
85
41
136
66
159
-53
21
76
32
-66
54
37
16
82
-95
48
87
147
47
100
69
174
43
-47
54
55
138
70
15
-148
123
101
61
68
53
225
90
142
103
-68
204
46
56
40
18
84
106
-16
79
-45
159
80
139
2
-84
120
177
155
-38
35
99
169
41
23
20
115
1
-21
3
-47
117
75
37
13
91
89
103
88
3
205
136
91
-9
38
16
77
43
17
52
-67
-36
194
47
42
-85
71
11
66
120
-27
75
127
76
-12
-48
221
2
4
4
-84
70
-27
46
-3
147
215
9
69
-37
-78
183
150
72
-43
-104
138
109
123
41
-121
29
124
15
68
63
122
133
49
30
-71
28
90
26
4
62
160
92
116
67
87
111
89
72
20
-56
46
100
40
-5
40
43
98
82
7
22
106
19
133
65
-168
177
78
23
20
-74
188
31
40
54
-9
-21
67
-1
-98
-62
-39
189
103
35
87
52
31
45
29
-126
208
-9
42
10
2
103
7
54
154
-63
155
60
133
64
-31
163
127
109
32
42
89
104
43
36
-40
134
22
3
34
-124
90
37
72
7
-39
-13
169
55
-132
-24
87
-17
65
23
112
136
46
148
50
105
71
65
95
34
36
130
32
73
-4
37
18
92
18
28
91
192
-104
41
6
9
-51
-48
20
5
-91
17
129
51
89
116
113
63
64
38
49
115
132
43
22
50
58
152
77
99
-44
100
83
49
-1
31
91
40
76
128
-58
142
-12
78
45
-177
183
14
59
134
-134
64
98
119
68
13
236
11
95
41
-57
190
-34
8
-3
-157
216
103
77
53
31
151
108
66
74
85
74
96
10
13
-10
87
76
159
33
-68
65
15
37
-16
-33
120
119
75
-1
97
93
75
162
15
-15
9
31
75
41
14
75
107
85
63
94
210
64
37
51
115
113
23
-56
1
112
36
99
127
79
69
164
149
37
67
-24
110
65
31
-47
-142
48
106
41
-4
-12
70
128
56
9
58
84
76
21
8
104
-43
-11
43
-3
135
147
50
41
56
-32
-8
45
-4
49
96
43
19
73
95
-107
46
37
64
2
-16
142
94
34
-37
-76
164
30
27
39
152
13
62
13
-30
93
131
149
2
38
32
22
87
32
-37
6
72
101
118
-9
96
-44
91
-9
12
-162
21
8
66
84
32
51
4
39
121
111
83
56
59
-28
-133
68
55
49
43
1
114
73
53
61
-39
70
68
96
65
-116
167
47
88
66
12
98
135
24
8
-91
168
37
54
53
-93
52
106
94
88
-42
112
22
138
79
70
156
73
76
14
-130
76
93
84
-16
-79
26
4
22
8
115
-17
9
-47
-76
-24
35
67
96
-17
26
-62
129
81
23
-73
200
9
18
-39
30
184
41
-16
75
-66
89
36
35
-45
43
-18
98
2
-5
-40
47
59
8
44
92
172
26
69
42
149
205
90
44
17
-26
94
40
16
7
116
236
-36
112
61
81
2
123
76
27
-59
-78
86
14
-39
-126
156
-17
34
73
73
145
-7
73
88
-102
48
5
136
66
106
108
74
107
-4
58
69
142
53
71
-52
110
76
22
-71
-24
116
40
0
42
89
124
-70
60
1
164
70
24
109
7
104
182
51
-25
123
0
88
195
-1
24
-38
-57
56
121
-31
3
167
81
93
12
-32
187
82
26
17
-88
179
118
-31
82
-214
54
36
91
-12
48
109
39
9
-19
-80
5
20
-8
99
84
199
133
79
13
-27
1
15
49
59
-107
185
56
43
71
-27
51
48
93
36
156
83
85
70
115
-3
179
-95
47
81
-154
199
97
57
90
2
159
46
68
-24
-12
81
68
41
23
-41
18
99
-38
58
-25
91
-26
68
30
-126
141
51
101
110
62
113
92
15
73
-29
140
135
26
52
111
83
82
101
87
75
199
119
66
33
-138
119
47
41
18
0
160
72
132
32
-100
43
64
-51
32
-112
17
-25
89
68
135
-16
-4
45
160
-55
151
13
-15
34
46
39
147
64
93
-117
39
108
19
59
-36
92
-8
107
52
-4
168
31
85
30
144
60
138
85
124
51
74
49
78
82
33
76
133
26
-10
98
62
103
43
120
95
112
31
-5
-57
-89
81
-5
64
61
141
21
-19
146
46
-8
118
63
81
22
-88
165
130
63
42
34
101
126
108
126
59
219
85
75
48
84
182
20
68
50
-89
3
155
118
-2
-49
69
18
98
73
112
0
54
145
114
-165
141
158
135
54
62
175
79
90
4
122
83
123
41
9
-91
50
116
88
-3
-81
61
22
96
24
99
170
14
72
65
-3
62
126
75
59
85
136
94
65
49
105
89
-4
2
-62
2
180
92
32
124
-119
178
118
25
-41
144
119
90
53
-25
40
45
111
57
113
-86
152
76
74
58
43
218
31
99
-16
-44
187
-40
70
47
-20
110
105
90
108
-67
-50
-21
77
55
-9
4
52
128
-14
101
101
24
-13
-27
-1
147
-8
115
5
-8
56
56
140
27
108
170
75
167
64
152
194
103
139
16
-36
99
76
15
102
-114
205
94
37
-6
142
207
28
47
6
124
101
72
160
85
-108
-46
99
-23
-80
-178
194
131
-1
27
107
187
159
110
73
17
104
139
49
55
-106
201
56
13
-22
28
